Título: output_81485.txt
Tipo de elemento: QUAD4
Valores da função corrente nos nós
182 
1.875000 
1.500000 
1.125000 
0.750000 
0.375000 
1.875000 
1.500000 
1.125000 
0.750000 
0.375000 
1.875000 
1.500000 
1.125000 
0.750000 
0.375000 
1.125000 
1.125000 
0.375000 
0.750000 
0.375000 
0.750000 
1.875000 
1.500000 
1.500000 
1.875000 
1.125000 
1.125000 
0.750000 
0.375000 
0.750000 
0.375000 
1.875000 
1.500000 
1.500000 
1.875000 
0.375000 
0.750000 
1.125000 
1.500000 
1.875000 
1.125000 
1.125000 
1.875000 
1.500000 
1.500000 
1.875000 
0.375000 
0.750000 
0.750000 
0.375000 
1.125000 
1.125000 
1.500000 
1.875000 
1.500000 
1.875000 
0.750000 
0.375000 
0.750000 
0.375000 
1.875000 
1.500000 
1.125000 
0.750000 
0.375000 
1.875000 
1.500000 
1.125000 
0.750000 
0.375000 
1.125000 
1.125000 
0.750000 
0.375000 
0.750000 
0.375000 
1.875000 
1.500000 
1.500000 
1.875000 
1.125000 
1.125000 
0.750000 
0.375000 
0.750000 
0.375000 
1.875000 
1.500000 
1.500000 
1.875000 
1.875000 
1.500000 
1.125000 
0.750000 
0.375000 
1.125000 
1.125000 
0.750000 
0.375000 
0.750000 
0.375000 
1.500000 
1.875000 
1.500000 
1.875000 
1.125000 
1.125000 
1.125000 
0.375000 
0.750000 
0.750000 
0.375000 
0.750000 
0.375000 
1.500000 
1.875000 
1.500000 
1.875000 
1.500000 
1.875000 
1.875000 
1.500000 
1.125000 
0.750000 
0.375000 
0.000000 
0.000000 
0.000000 
0.000000 
0.000000 
0.000000 
0.000000 
0.000000 
0.000000 
0.000000 
0.000000 
0.000000 
0.000000 
0.000000 
0.000000 
0.000000 
0.000000 
0.000000 
0.000000 
0.000000 
0.000000 
0.000000 
0.000000 
0.000000 
2.250000 
2.250000 
2.250000 
2.250000 
2.250000 
2.250000 
2.250000 
2.250000 
2.250000 
2.250000 
2.250000 
2.250000 
2.250000 
2.250000 
2.250000 
2.250000 
2.250000 
2.250000 
2.250000 
2.250000 
2.250000 
2.250000 
2.250000 
2.250000 
0.375000 
0.750000 
1.125000 
1.500000 
1.875000 
2.250000 
0.000000 
0.000000 
2.250000 
Velocidades nos centróides
xcentroid, ycentroid, vx, vy
150 
3.420000, 0.075000, 2.500000, 0.000000
3.420000, 0.375000, 2.500000, 0.000000
3.420000, 0.225000, 2.500000, 0.000000
3.572000, 0.075000, 2.500000, 0.000000
3.724000, 0.075000, 2.500000, 0.000000
3.572000, 0.375000, 2.500000, 0.000000
3.572000, 0.225000, 2.500000, 0.000000
3.724000, 0.375000, 2.500000, -0.000000
3.724000, 0.225000, 2.500000, -0.000000
3.724000, 0.525000, 2.500000, -0.000000
3.724000, 0.825000, 2.500000, 0.000000
3.724000, 0.675000, 2.500000, -0.000000
3.420000, 0.525000, 2.500000, 0.000000
3.572000, 0.525000, 2.500000, 0.000000
3.420000, 0.825000, 2.500000, -0.000000
3.420000, 0.675000, 2.500000, 0.000000
3.572000, 0.825000, 2.500000, 0.000000
3.572000, 0.675000, 2.500000, 0.000000
3.268000, 0.375000, 2.500000, 0.000000
3.268000, 0.075000, 2.500000, -0.000000
3.268000, 0.225000, 2.500000, 0.000000
3.116000, 0.375000, 2.500000, 0.000000
2.964000, 0.375000, 2.500000, 0.000000
3.116000, 0.075000, 2.500000, 0.000000
3.116000, 0.225000, 2.500000, 0.000000
2.964000, 0.075000, 2.500000, 0.000000
2.964000, 0.225000, 2.500000, 0.000000
3.268000, 0.825000, 2.500000, 0.000000
3.268000, 0.525000, 2.500000, 0.000000
3.268000, 0.675000, 2.500000, 0.000000
2.964000, 0.525000, 2.500000, -0.000000
3.116000, 0.525000, 2.500000, 0.000000
2.964000, 0.825000, 2.500000, -0.000000
2.964000, 0.675000, 2.500000, -0.000000
3.116000, 0.825000, 2.500000, 0.000000
3.116000, 0.675000, 2.500000, 0.000000
2.356000, 0.825000, 2.500000, 0.000000
2.356000, 0.525000, 2.500000, -0.000000
2.356000, 0.675000, 2.500000, 0.000000
2.052000, 0.525000, 2.500000, -0.000000
2.204000, 0.525000, 2.500000, 0.000000
2.052000, 0.825000, 2.500000, 0.000000
2.052000, 0.675000, 2.500000, -0.000000
2.204000, 0.825000, 2.500000, -0.000000
2.204000, 0.675000, 2.500000, 0.000000
2.052000, 0.075000, 2.500000, 0.000000
2.052000, 0.375000, 2.500000, 0.000000
2.052000, 0.225000, 2.500000, 0.000000
2.356000, 0.375000, 2.500000, 0.000000
2.204000, 0.375000, 2.500000, -0.000000
2.356000, 0.075000, 2.500000, 0.000000
2.356000, 0.225000, 2.500000, 0.000000
2.204000, 0.075000, 2.500000, -0.000000
2.204000, 0.225000, 2.500000, -0.000000
2.508000, 0.525000, 2.500000, -0.000000
2.508000, 0.825000, 2.500000, -0.000000
2.508000, 0.675000, 2.500000, -0.000000
2.660000, 0.525000, 2.500000, 0.000000
2.812000, 0.525000, 2.500000, 0.000000
2.660000, 0.825000, 2.500000, 0.000000
2.660000, 0.675000, 2.500000, 0.000000
2.812000, 0.825000, 2.500000, -0.000000
2.812000, 0.675000, 2.500000, -0.000000
2.812000, 0.375000, 2.500000, 0.000000
2.812000, 0.075000, 2.500000, 0.000000
2.812000, 0.225000, 2.500000, 0.000000
2.660000, 0.375000, 2.500000, -0.000000
2.508000, 0.375000, 2.500000, 0.000000
2.660000, 0.075000, 2.500000, -0.000000
2.660000, 0.225000, 2.500000, -0.000000
2.508000, 0.075000, 2.500000, 0.000000
2.508000, 0.225000, 2.500000, 0.000000
1.900000, 0.375000, 2.500000, 0.000000
1.900000, 0.075000, 2.500000, 0.000000
1.900000, 0.225000, 2.500000, 0.000000
1.748000, 0.375000, 2.500000, 0.000000
1.596000, 0.375000, 2.500000, -0.000000
1.748000, 0.075000, 2.500000, -0.000000
1.748000, 0.225000, 2.500000, -0.000000
1.596000, 0.075000, 2.500000, 0.000000
1.596000, 0.225000, 2.500000, 0.000000
1.900000, 0.825000, 2.500000, 0.000000
1.900000, 0.525000, 2.500000, 0.000000
1.900000, 0.675000, 2.500000, 0.000000
1.596000, 0.525000, 2.500000, -0.000000
1.748000, 0.525000, 2.500000, 0.000000
1.596000, 0.825000, 2.500000, -0.000000
1.596000, 0.675000, 2.500000, -0.000000
1.748000, 0.825000, 2.500000, 0.000000
1.748000, 0.675000, 2.500000, 0.000000
1.444000, 0.375000, 2.500000, 0.000000
1.444000, 0.075000, 2.500000, 0.000000
1.444000, 0.225000, 2.500000, 0.000000
1.292000, 0.375000, 2.500000, -0.000000
1.140000, 0.375000, 2.500000, -0.000000
1.292000, 0.075000, 2.500000, -0.000000
1.292000, 0.225000, 2.500000, -0.000000
1.140000, 0.075000, 2.500000, -0.000000
1.140000, 0.225000, 2.500000, -0.000000
1.444000, 0.825000, 2.500000, 0.000000
1.444000, 0.525000, 2.500000, -0.000000
1.444000, 0.675000, 2.500000, -0.000000
1.140000, 0.525000, 2.500000, -0.000000
1.292000, 0.525000, 2.500000, -0.000000
1.140000, 0.825000, 2.500000, -0.000000
1.140000, 0.675000, 2.500000, 0.000000
1.292000, 0.825000, 2.500000, -0.000000
1.292000, 0.675000, 2.500000, -0.000000
0.988000, 0.375000, 2.500000, 0.000000
0.988000, 0.075000, 2.500000, -0.000000
0.988000, 0.225000, 2.500000, 0.000000
0.836000, 0.375000, 2.500000, -0.000000
0.684000, 0.375000, 2.500000, 0.000000
0.836000, 0.075000, 2.500000, 0.000000
0.836000, 0.225000, 2.500000, -0.000000
0.684000, 0.075000, 2.500000, -0.000000
0.684000, 0.225000, 2.500000, -0.000000
0.684000, 0.825000, 2.500000, -0.000000
0.684000, 0.525000, 2.500000, -0.000000
0.684000, 0.675000, 2.500000, -0.000000
0.836000, 0.525000, 2.500000, -0.000000
0.988000, 0.525000, 2.500000, 0.000000
0.836000, 0.825000, 2.500000, 0.000000
0.836000, 0.675000, 2.500000, -0.000000
0.988000, 0.825000, 2.500000, -0.000000
0.988000, 0.675000, 2.500000, -0.000000
0.228000, 0.375000, 2.500000, 0.000000
0.076000, 0.375000, 2.500000, 0.000000
0.228000, 0.075000, 2.500000, -0.000000
0.228000, 0.225000, 2.500000, -0.000000
0.076000, 0.075000, 2.500000, -0.000000
0.076000, 0.225000, 2.500000, -0.000000
0.532000, 0.375000, 2.500000, -0.000000
0.380000, 0.375000, 2.500000, 0.000000
0.532000, 0.075000, 2.500000, 0.000000
0.532000, 0.225000, 2.500000, 0.000000
0.380000, 0.075000, 2.500000, -0.000000
0.380000, 0.225000, 2.500000, -0.000000
0.076000, 0.525000, 2.500000, 0.000000
0.228000, 0.525000, 2.500000, 0.000000
0.076000, 0.825000, 2.500000, -0.000000
0.076000, 0.675000, 2.500000, 0.000000
0.228000, 0.825000, 2.500000, -0.000000
0.228000, 0.675000, 2.500000, -0.000000
0.380000, 0.525000, 2.500000, 0.000000
0.532000, 0.525000, 2.500000, -0.000000
0.380000, 0.825000, 2.500000, 0.000000
0.380000, 0.675000, 2.500000, 0.000000
0.532000, 0.825000, 2.500000, 0.000000
0.532000, 0.675000, 2.500000, -0.000000
Velocidades nos pontos de integração
xint, yint, vxint, vyint
600
3.376121, 0.118301, 2.500000, 0.000000
3.376121, 0.031699, 2.500000, 0.000000
3.463879, 0.031699, 2.500000, 0.000000
3.463879, 0.118301, 2.500000, 0.000000
3.463879, 0.331699, 2.500000, 0.000000
3.463879, 0.418301, 2.500000, 0.000000
3.376121, 0.418301, 2.500000, 0.000000
3.376121, 0.331699, 2.500000, 0.000000
3.463879, 0.268301, 2.500000, 0.000000
3.376121, 0.268301, 2.500000, 0.000000
3.376121, 0.181699, 2.500000, 0.000000
3.463879, 0.181699, 2.500000, 0.000000
3.615879, 0.118301, 2.500000, 0.000000
3.528121, 0.118301, 2.500000, 0.000000
3.528121, 0.031699, 2.500000, 0.000000
3.615879, 0.031699, 2.500000, 0.000000
3.680121, 0.118301, 2.500000, 0.000000
3.680121, 0.031699, 2.500000, 0.000000
3.767879, 0.031699, 2.500000, 0.000000
3.767879, 0.118301, 2.500000, 0.000000
3.615879, 0.331699, 2.500000, 0.000000
3.615879, 0.418301, 2.500000, 0.000000
3.528121, 0.418301, 2.500000, 0.000000
3.528121, 0.331699, 2.500000, 0.000000
3.615879, 0.268301, 2.500000, 0.000000
3.528121, 0.268301, 2.500000, 0.000000
3.528121, 0.181699, 2.500000, 0.000000
3.615879, 0.181699, 2.500000, 0.000000
3.767879, 0.331699, 2.500000, -0.000000
3.767879, 0.418301, 2.500000, 0.000000
3.680121, 0.418301, 2.500000, 0.000000
3.680121, 0.331699, 2.500000, -0.000000
3.767879, 0.268301, 2.500000, -0.000000
3.680121, 0.268301, 2.500000, -0.000000
3.680121, 0.181699, 2.500000, -0.000000
3.767879, 0.181699, 2.500000, -0.000000
3.680121, 0.568301, 2.500000, -0.000000
3.680121, 0.481699, 2.500000, -0.000000
3.767879, 0.481699, 2.500000, 0.000000
3.767879, 0.568301, 2.500000, -0.000000
3.767879, 0.781699, 2.500000, 0.000000
3.767879, 0.868301, 2.500000, 0.000000
3.680121, 0.868301, 2.500000, 0.000000
3.680121, 0.781699, 2.500000, 0.000000
3.767879, 0.718301, 2.500000, 0.000000
3.680121, 0.718301, 2.500000, 0.000000
3.680121, 0.631699, 2.500000, -0.000000
3.767879, 0.631699, 2.500000, -0.000000
3.463879, 0.568301, 2.500000, 0.000000
3.376121, 0.568301, 2.500000, 0.000000
3.376121, 0.481699, 2.500000, 0.000000
3.463879, 0.481699, 2.500000, 0.000000
3.528121, 0.568301, 2.500000, 0.000000
3.528121, 0.481699, 2.500000, 0.000000
3.615879, 0.481699, 2.500000, 0.000000
3.615879, 0.568301, 2.500000, 0.000000
3.463879, 0.781699, 2.500000, 0.000000
3.463879, 0.868301, 2.500000, -0.000000
3.376121, 0.868301, 2.500000, -0.000000
3.376121, 0.781699, 2.500000, 0.000000
3.463879, 0.718301, 2.500000, 0.000000
3.376121, 0.718301, 2.500000, 0.000000
3.376121, 0.631699, 2.500000, 0.000000
3.463879, 0.631699, 2.500000, 0.000000
3.615879, 0.781699, 2.500000, 0.000000
3.615879, 0.868301, 2.500000, 0.000000
3.528121, 0.868301, 2.500000, 0.000000
3.528121, 0.781699, 2.500000, 0.000000
3.615879, 0.718301, 2.500000, 0.000000
3.528121, 0.718301, 2.500000, 0.000000
3.528121, 0.631699, 2.500000, 0.000000
3.615879, 0.631699, 2.500000, 0.000000
3.311879, 0.331699, 2.500000, 0.000000
3.311879, 0.418301, 2.500000, 0.000000
3.224121, 0.418301, 2.500000, 0.000000
3.224121, 0.331699, 2.500000, 0.000000
3.224121, 0.118301, 2.500000, -0.000000
3.224121, 0.031699, 2.500000, 0.000000
3.311879, 0.031699, 2.500000, 0.000000
3.311879, 0.118301, 2.500000, -0.000000
3.224121, 0.181699, 2.500000, 0.000000
3.311879, 0.181699, 2.500000, 0.000000
3.311879, 0.268301, 2.500000, 0.000000
3.224121, 0.268301, 2.500000, 0.000000
3.072121, 0.331699, 2.500000, 0.000000
3.159879, 0.331699, 2.500000, 0.000000
3.159879, 0.418301, 2.500000, 0.000000
3.072121, 0.418301, 2.500000, 0.000000
3.007879, 0.331699, 2.500000, 0.000000
3.007879, 0.418301, 2.500000, -0.000000
2.920121, 0.418301, 2.500000, -0.000000
2.920121, 0.331699, 2.500000, 0.000000
3.072121, 0.118301, 2.500000, 0.000000
3.072121, 0.031699, 2.500000, 0.000000
3.159879, 0.031699, 2.500000, 0.000000
3.159879, 0.118301, 2.500000, 0.000000
3.072121, 0.181699, 2.500000, 0.000000
3.159879, 0.181699, 2.500000, 0.000000
3.159879, 0.268301, 2.500000, 0.000000
3.072121, 0.268301, 2.500000, 0.000000
2.920121, 0.118301, 2.500000, 0.000000
2.920121, 0.031699, 2.500000, 0.000000
3.007879, 0.031699, 2.500000, 0.000000
3.007879, 0.118301, 2.500000, 0.000000
2.920121, 0.181699, 2.500000, 0.000000
3.007879, 0.181699, 2.500000, 0.000000
3.007879, 0.268301, 2.500000, 0.000000
2.920121, 0.268301, 2.500000, 0.000000
3.311879, 0.781699, 2.500000, 0.000000
3.311879, 0.868301, 2.500000, 0.000000
3.224121, 0.868301, 2.500000, -0.000000
3.224121, 0.781699, 2.500000, 0.000000
3.224121, 0.568301, 2.500000, 0.000000
3.224121, 0.481699, 2.500000, 0.000000
3.311879, 0.481699, 2.500000, 0.000000
3.311879, 0.568301, 2.500000, 0.000000
3.224121, 0.631699, 2.500000, 0.000000
3.311879, 0.631699, 2.500000, 0.000000
3.311879, 0.718301, 2.500000, 0.000000
3.224121, 0.718301, 2.500000, 0.000000
3.007879, 0.568301, 2.500000, -0.000000
2.920121, 0.568301, 2.500000, -0.000000
2.920121, 0.481699, 2.500000, -0.000000
3.007879, 0.481699, 2.500000, -0.000000
3.072121, 0.568301, 2.500000, 0.000000
3.072121, 0.481699, 2.500000, 0.000000
3.159879, 0.481699, 2.500000, 0.000000
3.159879, 0.568301, 2.500000, 0.000000
3.007879, 0.781699, 2.500000, -0.000000
3.007879, 0.868301, 2.500000, -0.000000
2.920121, 0.868301, 2.500000, -0.000000
2.920121, 0.781699, 2.500000, -0.000000
3.007879, 0.718301, 2.500000, -0.000000
2.920121, 0.718301, 2.500000, -0.000000
2.920121, 0.631699, 2.500000, -0.000000
3.007879, 0.631699, 2.500000, -0.000000
3.159879, 0.781699, 2.500000, 0.000000
3.159879, 0.868301, 2.500000, 0.000000
3.072121, 0.868301, 2.500000, 0.000000
3.072121, 0.781699, 2.500000, 0.000000
3.159879, 0.718301, 2.500000, 0.000000
3.072121, 0.718301, 2.500000, 0.000000
3.072121, 0.631699, 2.500000, 0.000000
3.159879, 0.631699, 2.500000, 0.000000
2.399879, 0.781699, 2.500000, 0.000000
2.399879, 0.868301, 2.500000, -0.000000
2.312121, 0.868301, 2.500000, -0.000000
2.312121, 0.781699, 2.500000, 0.000000
2.312121, 0.568301, 2.500000, 0.000000
2.312121, 0.481699, 2.500000, -0.000000
2.399879, 0.481699, 2.500000, -0.000000
2.399879, 0.568301, 2.500000, 0.000000
2.312121, 0.631699, 2.500000, 0.000000
2.399879, 0.631699, 2.500000, 0.000000
2.399879, 0.718301, 2.500000, 0.000000
2.312121, 0.718301, 2.500000, 0.000000
2.095879, 0.568301, 2.500000, -0.000000
2.008121, 0.568301, 2.500000, -0.000000
2.008121, 0.481699, 2.500000, 0.000000
2.095879, 0.481699, 2.500000, 0.000000
2.160121, 0.568301, 2.500000, 0.000000
2.160121, 0.481699, 2.500000, -0.000000
2.247879, 0.481699, 2.500000, -0.000000
2.247879, 0.568301, 2.500000, 0.000000
2.095879, 0.781699, 2.500000, 0.000000
2.095879, 0.868301, 2.500000, 0.000000
2.008121, 0.868301, 2.500000, -0.000000
2.008121, 0.781699, 2.500000, 0.000000
2.095879, 0.718301, 2.500000, -0.000000
2.008121, 0.718301, 2.500000, -0.000000
2.008121, 0.631699, 2.500000, -0.000000
2.095879, 0.631699, 2.500000, -0.000000
2.247879, 0.781699, 2.500000, 0.000000
2.247879, 0.868301, 2.500000, -0.000000
2.160121, 0.868301, 2.500000, 0.000000
2.160121, 0.781699, 2.500000, 0.000000
2.247879, 0.718301, 2.500000, 0.000000
2.160121, 0.718301, 2.500000, 0.000000
2.160121, 0.631699, 2.500000, 0.000000
2.247879, 0.631699, 2.500000, 0.000000
2.008121, 0.118301, 2.500000, -0.000000
2.008121, 0.031699, 2.500000, -0.000000
2.095879, 0.031699, 2.500000, -0.000000
2.095879, 0.118301, 2.500000, -0.000000
2.095879, 0.331699, 2.500000, 0.000000
2.095879, 0.418301, 2.500000, 0.000000
2.008121, 0.418301, 2.500000, 0.000000
2.008121, 0.331699, 2.500000, 0.000000
2.095879, 0.268301, 2.500000, 0.000000
2.008121, 0.268301, 2.500000, 0.000000
2.008121, 0.181699, 2.500000, 0.000000
2.095879, 0.181699, 2.500000, 0.000000
2.312121, 0.331699, 2.500000, 0.000000
2.399879, 0.331699, 2.500000, 0.000000
2.399879, 0.418301, 2.500000, 0.000000
2.312121, 0.418301, 2.500000, 0.000000
2.247879, 0.331699, 2.500000, -0.000000
2.247879, 0.418301, 2.500000, -0.000000
2.160121, 0.418301, 2.500000, -0.000000
2.160121, 0.331699, 2.500000, -0.000000
2.312121, 0.118301, 2.500000, 0.000000
2.312121, 0.031699, 2.500000, 0.000000
2.399879, 0.031699, 2.500000, 0.000000
2.399879, 0.118301, 2.500000, 0.000000
2.312121, 0.181699, 2.500000, 0.000000
2.399879, 0.181699, 2.500000, 0.000000
2.399879, 0.268301, 2.500000, 0.000000
2.312121, 0.268301, 2.500000, 0.000000
2.160121, 0.118301, 2.500000, -0.000000
2.160121, 0.031699, 2.500000, -0.000000
2.247879, 0.031699, 2.500000, -0.000000
2.247879, 0.118301, 2.500000, -0.000000
2.160121, 0.181699, 2.500000, -0.000000
2.247879, 0.181699, 2.500000, -0.000000
2.247879, 0.268301, 2.500000, -0.000000
2.160121, 0.268301, 2.500000, -0.000000
2.464121, 0.568301, 2.500000, -0.000000
2.464121, 0.481699, 2.500000, -0.000000
2.551879, 0.481699, 2.500000, -0.000000
2.551879, 0.568301, 2.500000, -0.000000
2.551879, 0.781699, 2.500000, -0.000000
2.551879, 0.868301, 2.500000, -0.000000
2.464121, 0.868301, 2.500000, -0.000000
2.464121, 0.781699, 2.500000, -0.000000
2.551879, 0.718301, 2.500000, -0.000000
2.464121, 0.718301, 2.500000, -0.000000
2.464121, 0.631699, 2.500000, -0.000000
2.551879, 0.631699, 2.500000, -0.000000
2.703879, 0.568301, 2.500000, 0.000000
2.616121, 0.568301, 2.500000, 0.000000
2.616121, 0.481699, 2.500000, 0.000000
2.703879, 0.481699, 2.500000, 0.000000
2.768121, 0.568301, 2.500000, -0.000000
2.768121, 0.481699, 2.500000, 0.000000
2.855879, 0.481699, 2.500000, 0.000000
2.855879, 0.568301, 2.500000, -0.000000
2.703879, 0.781699, 2.500000, 0.000000
2.703879, 0.868301, 2.500000, 0.000000
2.616121, 0.868301, 2.500000, 0.000000
2.616121, 0.781699, 2.500000, 0.000000
2.703879, 0.718301, 2.500000, 0.000000
2.616121, 0.718301, 2.500000, 0.000000
2.616121, 0.631699, 2.500000, 0.000000
2.703879, 0.631699, 2.500000, 0.000000
2.855879, 0.781699, 2.500000, 0.000000
2.855879, 0.868301, 2.500000, -0.000000
2.768121, 0.868301, 2.500000, 0.000000
2.768121, 0.781699, 2.500000, 0.000000
2.855879, 0.718301, 2.500000, -0.000000
2.768121, 0.718301, 2.500000, -0.000000
2.768121, 0.631699, 2.500000, -0.000000
2.855879, 0.631699, 2.500000, -0.000000
2.855879, 0.331699, 2.500000, 0.000000
2.855879, 0.418301, 2.500000, 0.000000
2.768121, 0.418301, 2.500000, 0.000000
2.768121, 0.331699, 2.500000, 0.000000
2.768121, 0.118301, 2.500000, -0.000000
2.768121, 0.031699, 2.500000, 0.000000
2.855879, 0.031699, 2.500000, 0.000000
2.855879, 0.118301, 2.500000, -0.000000
2.768121, 0.181699, 2.500000, 0.000000
2.855879, 0.181699, 2.500000, 0.000000
2.855879, 0.268301, 2.500000, 0.000000
2.768121, 0.268301, 2.500000, 0.000000
2.616121, 0.331699, 2.500000, -0.000000
2.703879, 0.331699, 2.500000, -0.000000
2.703879, 0.418301, 2.500000, -0.000000
2.616121, 0.418301, 2.500000, -0.000000
2.551879, 0.331699, 2.500000, -0.000000
2.551879, 0.418301, 2.500000, -0.000000
2.464121, 0.418301, 2.500000, -0.000000
2.464121, 0.331699, 2.500000, -0.000000
2.616121, 0.118301, 2.500000, -0.000000
2.616121, 0.031699, 2.500000, -0.000000
2.703879, 0.031699, 2.500000, -0.000000
2.703879, 0.118301, 2.500000, -0.000000
2.616121, 0.181699, 2.500000, -0.000000
2.703879, 0.181699, 2.500000, -0.000000
2.703879, 0.268301, 2.500000, -0.000000
2.616121, 0.268301, 2.500000, -0.000000
2.464121, 0.118301, 2.500000, 0.000000
2.464121, 0.031699, 2.500000, 0.000000
2.551879, 0.031699, 2.500000, 0.000000
2.551879, 0.118301, 2.500000, 0.000000
2.464121, 0.181699, 2.500000, -0.000000
2.551879, 0.181699, 2.500000, -0.000000
2.551879, 0.268301, 2.500000, -0.000000
2.464121, 0.268301, 2.500000, -0.000000
1.943879, 0.331699, 2.500000, 0.000000
1.943879, 0.418301, 2.500000, -0.000000
1.856121, 0.418301, 2.500000, -0.000000
1.856121, 0.331699, 2.500000, 0.000000
1.856121, 0.118301, 2.500000, 0.000000
1.856121, 0.031699, 2.500000, 0.000000
1.943879, 0.031699, 2.500000, 0.000000
1.943879, 0.118301, 2.500000, 0.000000
1.856121, 0.181699, 2.500000, 0.000000
1.943879, 0.181699, 2.500000, 0.000000
1.943879, 0.268301, 2.500000, 0.000000
1.856121, 0.268301, 2.500000, 0.000000
1.704121, 0.331699, 2.500000, 0.000000
1.791879, 0.331699, 2.500000, 0.000000
1.791879, 0.418301, 2.500000, 0.000000
1.704121, 0.418301, 2.500000, 0.000000
1.639879, 0.331699, 2.500000, 0.000000
1.639879, 0.418301, 2.500000, -0.000000
1.552121, 0.418301, 2.500000, -0.000000
1.552121, 0.331699, 2.500000, 0.000000
1.704121, 0.118301, 2.500000, -0.000000
1.704121, 0.031699, 2.500000, -0.000000
1.791879, 0.031699, 2.500000, -0.000000
1.791879, 0.118301, 2.500000, -0.000000
1.704121, 0.181699, 2.500000, -0.000000
1.791879, 0.181699, 2.500000, -0.000000
1.791879, 0.268301, 2.500000, -0.000000
1.704121, 0.268301, 2.500000, -0.000000
1.552121, 0.118301, 2.500000, 0.000000
1.552121, 0.031699, 2.500000, 0.000000
1.639879, 0.031699, 2.500000, 0.000000
1.639879, 0.118301, 2.500000, 0.000000
1.552121, 0.181699, 2.500000, 0.000000
1.639879, 0.181699, 2.500000, 0.000000
1.639879, 0.268301, 2.500000, 0.000000
1.552121, 0.268301, 2.500000, 0.000000
1.943879, 0.781699, 2.500000, 0.000000
1.943879, 0.868301, 2.500000, 0.000000
1.856121, 0.868301, 2.500000, 0.000000
1.856121, 0.781699, 2.500000, 0.000000
1.856121, 0.568301, 2.500000, 0.000000
1.856121, 0.481699, 2.500000, -0.000000
1.943879, 0.481699, 2.500000, -0.000000
1.943879, 0.568301, 2.500000, 0.000000
1.856121, 0.631699, 2.500000, 0.000000
1.943879, 0.631699, 2.500000, 0.000000
1.943879, 0.718301, 2.500000, 0.000000
1.856121, 0.718301, 2.500000, 0.000000
1.639879, 0.568301, 2.500000, -0.000000
1.552121, 0.568301, 2.500000, -0.000000
1.552121, 0.481699, 2.500000, -0.000000
1.639879, 0.481699, 2.500000, -0.000000
1.704121, 0.568301, 2.500000, 0.000000
1.704121, 0.481699, 2.500000, 0.000000
1.791879, 0.481699, 2.500000, 0.000000
1.791879, 0.568301, 2.500000, 0.000000
1.639879, 0.781699, 2.500000, -0.000000
1.639879, 0.868301, 2.500000, -0.000000
1.552121, 0.868301, 2.500000, -0.000000
1.552121, 0.781699, 2.500000, -0.000000
1.639879, 0.718301, 2.500000, -0.000000
1.552121, 0.718301, 2.500000, -0.000000
1.552121, 0.631699, 2.500000, -0.000000
1.639879, 0.631699, 2.500000, -0.000000
1.791879, 0.781699, 2.500000, 0.000000
1.791879, 0.868301, 2.500000, 0.000000
1.704121, 0.868301, 2.500000, 0.000000
1.704121, 0.781699, 2.500000, 0.000000
1.791879, 0.718301, 2.500000, 0.000000
1.704121, 0.718301, 2.500000, 0.000000
1.704121, 0.631699, 2.500000, 0.000000
1.791879, 0.631699, 2.500000, 0.000000
1.487879, 0.331699, 2.500000, 0.000000
1.487879, 0.418301, 2.500000, 0.000000
1.400121, 0.418301, 2.500000, -0.000000
1.400121, 0.331699, 2.500000, 0.000000
1.400121, 0.118301, 2.500000, 0.000000
1.400121, 0.031699, 2.500000, 0.000000
1.487879, 0.031699, 2.500000, 0.000000
1.487879, 0.118301, 2.500000, 0.000000
1.400121, 0.181699, 2.500000, 0.000000
1.487879, 0.181699, 2.500000, 0.000000
1.487879, 0.268301, 2.500000, 0.000000
1.400121, 0.268301, 2.500000, 0.000000
1.248121, 0.331699, 2.500000, -0.000000
1.335879, 0.331699, 2.500000, -0.000000
1.335879, 0.418301, 2.500000, -0.000000
1.248121, 0.418301, 2.500000, -0.000000
1.183879, 0.331699, 2.500000, -0.000000
1.183879, 0.418301, 2.500000, -0.000000
1.096121, 0.418301, 2.500000, -0.000000
1.096121, 0.331699, 2.500000, -0.000000
1.248121, 0.118301, 2.500000, -0.000000
1.248121, 0.031699, 2.500000, -0.000000
1.335879, 0.031699, 2.500000, -0.000000
1.335879, 0.118301, 2.500000, -0.000000
1.248121, 0.181699, 2.500000, -0.000000
1.335879, 0.181699, 2.500000, -0.000000
1.335879, 0.268301, 2.500000, -0.000000
1.248121, 0.268301, 2.500000, -0.000000
1.096121, 0.118301, 2.500000, -0.000000
1.096121, 0.031699, 2.500000, -0.000000
1.183879, 0.031699, 2.500000, -0.000000
1.183879, 0.118301, 2.500000, -0.000000
1.096121, 0.181699, 2.500000, -0.000000
1.183879, 0.181699, 2.500000, -0.000000
1.183879, 0.268301, 2.500000, -0.000000
1.096121, 0.268301, 2.500000, -0.000000
1.487879, 0.781699, 2.500000, 0.000000
1.487879, 0.868301, 2.500000, 0.000000
1.400121, 0.868301, 2.500000, 0.000000
1.400121, 0.781699, 2.500000, 0.000000
1.400121, 0.568301, 2.500000, -0.000000
1.400121, 0.481699, 2.500000, -0.000000
1.487879, 0.481699, 2.500000, -0.000000
1.487879, 0.568301, 2.500000, -0.000000
1.400121, 0.631699, 2.500000, -0.000000
1.487879, 0.631699, 2.500000, -0.000000
1.487879, 0.718301, 2.500000, 0.000000
1.400121, 0.718301, 2.500000, 0.000000
1.183879, 0.568301, 2.500000, -0.000000
1.096121, 0.568301, 2.500000, -0.000000
1.096121, 0.481699, 2.500000, -0.000000
1.183879, 0.481699, 2.500000, -0.000000
1.248121, 0.568301, 2.500000, 0.000000
1.248121, 0.481699, 2.500000, -0.000000
1.335879, 0.481699, 2.500000, -0.000000
1.335879, 0.568301, 2.500000, 0.000000
1.183879, 0.781699, 2.500000, -0.000000
1.183879, 0.868301, 2.500000, -0.000000
1.096121, 0.868301, 2.500000, -0.000000
1.096121, 0.781699, 2.500000, -0.000000
1.183879, 0.718301, 2.500000, 0.000000
1.096121, 0.718301, 2.500000, 0.000000
1.096121, 0.631699, 2.500000, 0.000000
1.183879, 0.631699, 2.500000, 0.000000
1.335879, 0.781699, 2.500000, -0.000000
1.335879, 0.868301, 2.500000, 0.000000
1.248121, 0.868301, 2.500000, 0.000000
1.248121, 0.781699, 2.500000, -0.000000
1.335879, 0.718301, 2.500000, -0.000000
1.248121, 0.718301, 2.500000, -0.000000
1.248121, 0.631699, 2.500000, -0.000000
1.335879, 0.631699, 2.500000, -0.000000
1.031879, 0.331699, 2.500000, 0.000000
1.031879, 0.418301, 2.500000, 0.000000
0.944121, 0.418301, 2.500000, 0.000000
0.944121, 0.331699, 2.500000, 0.000000
0.944121, 0.118301, 2.500000, -0.000000
0.944121, 0.031699, 2.500000, -0.000000
1.031879, 0.031699, 2.500000, -0.000000
1.031879, 0.118301, 2.500000, -0.000000
0.944121, 0.181699, 2.500000, -0.000000
1.031879, 0.181699, 2.500000, -0.000000
1.031879, 0.268301, 2.500000, 0.000000
0.944121, 0.268301, 2.500000, 0.000000
0.792121, 0.331699, 2.500000, -0.000000
0.879879, 0.331699, 2.500000, -0.000000
0.879879, 0.418301, 2.500000, -0.000000
0.792121, 0.418301, 2.500000, -0.000000
0.727879, 0.331699, 2.500000, 0.000000
0.727879, 0.418301, 2.500000, 0.000000
0.640121, 0.418301, 2.500000, 0.000000
0.640121, 0.331699, 2.500000, 0.000000
0.792121, 0.118301, 2.500000, 0.000000
0.792121, 0.031699, 2.500000, 0.000000
0.879879, 0.031699, 2.500000, 0.000000
0.879879, 0.118301, 2.500000, 0.000000
0.792121, 0.181699, 2.500000, -0.000000
0.879879, 0.181699, 2.500000, -0.000000
0.879879, 0.268301, 2.500000, -0.000000
0.792121, 0.268301, 2.500000, -0.000000
0.640121, 0.118301, 2.500000, -0.000000
0.640121, 0.031699, 2.500000, -0.000000
0.727879, 0.031699, 2.500000, -0.000000
0.727879, 0.118301, 2.500000, -0.000000
0.640121, 0.181699, 2.500000, -0.000000
0.727879, 0.181699, 2.500000, -0.000000
0.727879, 0.268301, 2.500000, -0.000000
0.640121, 0.268301, 2.500000, -0.000000
0.727879, 0.781699, 2.500000, 0.000000
0.727879, 0.868301, 2.500000, -0.000000
0.640121, 0.868301, 2.500000, -0.000000
0.640121, 0.781699, 2.500000, 0.000000
0.640121, 0.568301, 2.500000, 0.000000
0.640121, 0.481699, 2.500000, 0.000000
0.727879, 0.481699, 2.500000, 0.000000
0.727879, 0.568301, 2.500000, 0.000000
0.640121, 0.631699, 2.500000, -0.000000
0.727879, 0.631699, 2.500000, -0.000000
0.727879, 0.718301, 2.500000, -0.000000
0.640121, 0.718301, 2.500000, -0.000000
0.879879, 0.568301, 2.500000, -0.000000
0.792121, 0.568301, 2.500000, -0.000000
0.792121, 0.481699, 2.500000, -0.000000
0.879879, 0.481699, 2.500000, -0.000000
0.944121, 0.568301, 2.500000, 0.000000
0.944121, 0.481699, 2.500000, 0.000000
1.031879, 0.481699, 2.500000, 0.000000
1.031879, 0.568301, 2.500000, 0.000000
0.879879, 0.781699, 2.500000, -0.000000
0.879879, 0.868301, 2.500000, 0.000000
0.792121, 0.868301, 2.500000, 0.000000
0.792121, 0.781699, 2.500000, -0.000000
0.879879, 0.718301, 2.500000, -0.000000
0.792121, 0.718301, 2.500000, -0.000000
0.792121, 0.631699, 2.500000, -0.000000
0.879879, 0.631699, 2.500000, -0.000000
1.031879, 0.781699, 2.500000, -0.000000
1.031879, 0.868301, 2.500000, -0.000000
0.944121, 0.868301, 2.500000, -0.000000
0.944121, 0.781699, 2.500000, -0.000000
1.031879, 0.718301, 2.500000, -0.000000
0.944121, 0.718301, 2.500000, -0.000000
0.944121, 0.631699, 2.500000, -0.000000
1.031879, 0.631699, 2.500000, -0.000000
0.184121, 0.331699, 2.500000, -0.000000
0.271879, 0.331699, 2.500000, -0.000000
0.271879, 0.418301, 2.500000, 0.000000
0.184121, 0.418301, 2.500000, 0.000000
0.119879, 0.331699, 2.500000, -0.000000
0.119879, 0.418301, 2.500000, 0.000000
0.032121, 0.418301, 2.500000, 0.000000
0.032121, 0.331699, 2.500000, -0.000000
0.184121, 0.118301, 2.500000, -0.000000
0.184121, 0.031699, 2.500000, -0.000000
0.271879, 0.031699, 2.500000, -0.000000
0.271879, 0.118301, 2.500000, -0.000000
0.184121, 0.181699, 2.500000, -0.000000
0.271879, 0.181699, 2.500000, -0.000000
0.271879, 0.268301, 2.500000, -0.000000
0.184121, 0.268301, 2.500000, -0.000000
0.032121, 0.118301, 2.500000, -0.000000
0.032121, 0.031699, 2.500000, -0.000000
0.119879, 0.031699, 2.500000, -0.000000
0.119879, 0.118301, 2.500000, -0.000000
0.032121, 0.181699, 2.500000, -0.000000
0.119879, 0.181699, 2.500000, -0.000000
0.119879, 0.268301, 2.500000, -0.000000
0.032121, 0.268301, 2.500000, -0.000000
0.488121, 0.331699, 2.500000, 0.000000
0.575879, 0.331699, 2.500000, 0.000000
0.575879, 0.418301, 2.500000, -0.000000
0.488121, 0.418301, 2.500000, -0.000000
0.423879, 0.331699, 2.500000, 0.000000
0.423879, 0.418301, 2.500000, 0.000000
0.336121, 0.418301, 2.500000, 0.000000
0.336121, 0.331699, 2.500000, 0.000000
0.488121, 0.118301, 2.500000, 0.000000
0.488121, 0.031699, 2.500000, 0.000000
0.575879, 0.031699, 2.500000, 0.000000
0.575879, 0.118301, 2.500000, 0.000000
0.488121, 0.181699, 2.500000, 0.000000
0.575879, 0.181699, 2.500000, 0.000000
0.575879, 0.268301, 2.500000, 0.000000
0.488121, 0.268301, 2.500000, 0.000000
0.336121, 0.118301, 2.500000, -0.000000
0.336121, 0.031699, 2.500000, -0.000000
0.423879, 0.031699, 2.500000, -0.000000
0.423879, 0.118301, 2.500000, -0.000000
0.336121, 0.181699, 2.500000, -0.000000
0.423879, 0.181699, 2.500000, -0.000000
0.423879, 0.268301, 2.500000, -0.000000
0.336121, 0.268301, 2.500000, -0.000000
0.119879, 0.568301, 2.500000, 0.000000
0.032121, 0.568301, 2.500000, 0.000000
0.032121, 0.481699, 2.500000, 0.000000
0.119879, 0.481699, 2.500000, 0.000000
0.184121, 0.568301, 2.500000, 0.000000
0.184121, 0.481699, 2.500000, 0.000000
0.271879, 0.481699, 2.500000, 0.000000
0.271879, 0.568301, 2.500000, 0.000000
0.119879, 0.781699, 2.500000, 0.000000
0.119879, 0.868301, 2.500000, -0.000000
0.032121, 0.868301, 2.500000, -0.000000
0.032121, 0.781699, 2.500000, 0.000000
0.119879, 0.718301, 2.500000, 0.000000
0.032121, 0.718301, 2.500000, 0.000000
0.032121, 0.631699, 2.500000, 0.000000
0.119879, 0.631699, 2.500000, 0.000000
0.271879, 0.781699, 2.500000, -0.000000
0.271879, 0.868301, 2.500000, -0.000000
0.184121, 0.868301, 2.500000, -0.000000
0.184121, 0.781699, 2.500000, -0.000000
0.271879, 0.718301, 2.500000, -0.000000
0.184121, 0.718301, 2.500000, -0.000000
0.184121, 0.631699, 2.500000, 0.000000
0.271879, 0.631699, 2.500000, 0.000000
0.423879, 0.568301, 2.500000, 0.000000
0.336121, 0.568301, 2.500000, 0.000000
0.336121, 0.481699, 2.500000, 0.000000
0.423879, 0.481699, 2.500000, 0.000000
0.488121, 0.568301, 2.500000, -0.000000
0.488121, 0.481699, 2.500000, -0.000000
0.575879, 0.481699, 2.500000, -0.000000
0.575879, 0.568301, 2.500000, -0.000000
0.423879, 0.781699, 2.500000, 0.000000
0.423879, 0.868301, 2.500000, 0.000000
0.336121, 0.868301, 2.500000, -0.000000
0.336121, 0.781699, 2.500000, 0.000000
0.423879, 0.718301, 2.500000, 0.000000
0.336121, 0.718301, 2.500000, 0.000000
0.336121, 0.631699, 2.500000, 0.000000
0.423879, 0.631699, 2.500000, 0.000000
0.575879, 0.781699, 2.500000, 0.000000
0.575879, 0.868301, 2.500000, 0.000000
0.488121, 0.868301, 2.500000, 0.000000
0.488121, 0.781699, 2.500000, 0.000000
0.575879, 0.718301, 2.500000, -0.000000
0.488121, 0.718301, 2.500000, -0.000000
0.488121, 0.631699, 2.500000, -0.000000
0.575879, 0.631699, 2.500000, -0.000000
Pressão nos centróides (em bar)
xcentroid, ycentroid, pressure
150
3.420000, 0.075000, 1.013250
3.420000, 0.375000, 1.013250
3.420000, 0.225000, 1.013250
3.572000, 0.075000, 1.013250
3.724000, 0.075000, 1.013250
3.572000, 0.375000, 1.013250
3.572000, 0.225000, 1.013250
3.724000, 0.375000, 1.013250
3.724000, 0.225000, 1.013250
3.724000, 0.525000, 1.013250
3.724000, 0.825000, 1.013250
3.724000, 0.675000, 1.013250
3.420000, 0.525000, 1.013250
3.572000, 0.525000, 1.013250
3.420000, 0.825000, 1.013250
3.420000, 0.675000, 1.013250
3.572000, 0.825000, 1.013250
3.572000, 0.675000, 1.013250
3.268000, 0.375000, 1.013250
3.268000, 0.075000, 1.013250
3.268000, 0.225000, 1.013250
3.116000, 0.375000, 1.013250
2.964000, 0.375000, 1.013250
3.116000, 0.075000, 1.013250
3.116000, 0.225000, 1.013250
2.964000, 0.075000, 1.013250
2.964000, 0.225000, 1.013250
3.268000, 0.825000, 1.013250
3.268000, 0.525000, 1.013250
3.268000, 0.675000, 1.013250
2.964000, 0.525000, 1.013250
3.116000, 0.525000, 1.013250
2.964000, 0.825000, 1.013250
2.964000, 0.675000, 1.013250
3.116000, 0.825000, 1.013250
3.116000, 0.675000, 1.013250
2.356000, 0.825000, 1.013250
2.356000, 0.525000, 1.013250
2.356000, 0.675000, 1.013250
2.052000, 0.525000, 1.013250
2.204000, 0.525000, 1.013250
2.052000, 0.825000, 1.013250
2.052000, 0.675000, 1.013250
2.204000, 0.825000, 1.013250
2.204000, 0.675000, 1.013250
2.052000, 0.075000, 1.013250
2.052000, 0.375000, 1.013250
2.052000, 0.225000, 1.013250
2.356000, 0.375000, 1.013250
2.204000, 0.375000, 1.013250
2.356000, 0.075000, 1.013250
2.356000, 0.225000, 1.013250
2.204000, 0.075000, 1.013250
2.204000, 0.225000, 1.013250
2.508000, 0.525000, 1.013250
2.508000, 0.825000, 1.013250
2.508000, 0.675000, 1.013250
2.660000, 0.525000, 1.013250
2.812000, 0.525000, 1.013250
2.660000, 0.825000, 1.013250
2.660000, 0.675000, 1.013250
2.812000, 0.825000, 1.013250
2.812000, 0.675000, 1.013250
2.812000, 0.375000, 1.013250
2.812000, 0.075000, 1.013250
2.812000, 0.225000, 1.013250
2.660000, 0.375000, 1.013250
2.508000, 0.375000, 1.013250
2.660000, 0.075000, 1.013250
2.660000, 0.225000, 1.013250
2.508000, 0.075000, 1.013250
2.508000, 0.225000, 1.013250
1.900000, 0.375000, 1.013250
1.900000, 0.075000, 1.013250
1.900000, 0.225000, 1.013250
1.748000, 0.375000, 1.013250
1.596000, 0.375000, 1.013250
1.748000, 0.075000, 1.013250
1.748000, 0.225000, 1.013250
1.596000, 0.075000, 1.013250
1.596000, 0.225000, 1.013250
1.900000, 0.825000, 1.013250
1.900000, 0.525000, 1.013250
1.900000, 0.675000, 1.013250
1.596000, 0.525000, 1.013250
1.748000, 0.525000, 1.013250
1.596000, 0.825000, 1.013250
1.596000, 0.675000, 1.013250
1.748000, 0.825000, 1.013250
1.748000, 0.675000, 1.013250
1.444000, 0.375000, 1.013250
1.444000, 0.075000, 1.013250
1.444000, 0.225000, 1.013250
1.292000, 0.375000, 1.013250
1.140000, 0.375000, 1.013250
1.292000, 0.075000, 1.013250
1.292000, 0.225000, 1.013250
1.140000, 0.075000, 1.013250
1.140000, 0.225000, 1.013250
1.444000, 0.825000, 1.013250
1.444000, 0.525000, 1.013250
1.444000, 0.675000, 1.013250
1.140000, 0.525000, 1.013250
1.292000, 0.525000, 1.013250
1.140000, 0.825000, 1.013250
1.140000, 0.675000, 1.013250
1.292000, 0.825000, 1.013250
1.292000, 0.675000, 1.013250
0.988000, 0.375000, 1.013250
0.988000, 0.075000, 1.013250
0.988000, 0.225000, 1.013250
0.836000, 0.375000, 1.013250
0.684000, 0.375000, 1.013250
0.836000, 0.075000, 1.013250
0.836000, 0.225000, 1.013250
0.684000, 0.075000, 1.013250
0.684000, 0.225000, 1.013250
0.684000, 0.825000, 1.013250
0.684000, 0.525000, 1.013250
0.684000, 0.675000, 1.013250
0.836000, 0.525000, 1.013250
0.988000, 0.525000, 1.013250
0.836000, 0.825000, 1.013250
0.836000, 0.675000, 1.013250
0.988000, 0.825000, 1.013250
0.988000, 0.675000, 1.013250
0.228000, 0.375000, 1.013250
0.076000, 0.375000, 1.013250
0.228000, 0.075000, 1.013250
0.228000, 0.225000, 1.013250
0.076000, 0.075000, 1.013250
0.076000, 0.225000, 1.013250
0.532000, 0.375000, 1.013250
0.380000, 0.375000, 1.013250
0.532000, 0.075000, 1.013250
0.532000, 0.225000, 1.013250
0.380000, 0.075000, 1.013250
0.380000, 0.225000, 1.013250
0.076000, 0.525000, 1.013250
0.228000, 0.525000, 1.013250
0.076000, 0.825000, 1.013250
0.076000, 0.675000, 1.013250
0.228000, 0.825000, 1.013250
0.228000, 0.675000, 1.013250
0.380000, 0.525000, 1.013250
0.532000, 0.525000, 1.013250
0.380000, 0.825000, 1.013250
0.380000, 0.675000, 1.013250
0.532000, 0.825000, 1.013250
0.532000, 0.675000, 1.013250
