Título: output_40341.txt
Tipo de elemento: QUAD8
Valores da função corrente nos nós
209 
1.438234 
0.687874 
1.474502 
1.840148 
1.381220 
0.340178 
0.724423 
1.055029 
0.630884 
0.750000 
1.500000 
1.875000 
0.375000 
1.125000 
-0.000000 
-0.000000 
-0.000000 
2.250000 
2.250000 
2.250000 
0.522824 
1.273998 
1.746163 
0.243514 
0.867268 
-0.000000 
2.250000 
-0.000000 
2.250000 
1.124997 
1.092228 
1.136699 
1.409370 
0.634480 
0.657168 
1.687525 
0.562488 
0.317253 
0.879780 
0.930394 
0.542273 
1.111774 
0.569282 
1.266787 
0.645797 
1.032762 
0.328568 
1.272759 
1.829231 
1.693736 
1.670342 
0.822974 
0.428550 
1.551306 
-0.000000 
-0.000000 
-0.000000 
-0.000000 
-0.000000 
-0.000000 
-0.000000 
2.250000 
2.250000 
2.250000 
2.250000 
2.250000 
2.250000 
2.250000 
2.250000 
2.250000 
1.124990 
2.250000 
-0.000000 
-0.000000 
2.250000 
0.148690 
0.082888 
0.802999 
0.690066 
1.421709 
1.488526 
1.100920 
0.393035 
0.405046 
0.035289 
0.106245 
0.067498 
0.374255 
1.158455 
1.867301 
0.550923 
1.068081 
0.740974 
0.342443 
0.111617 
0.114646 
0.054467 
0.946880 
0.063255 
0.519936 
1.118277 
0.362675 
0.787080 
0.153542 
0.106958 
0.035624 
0.054411 
1.710109 
1.000490 
0.828010 
0.497042 
0.257463 
1.524471 
0.941013 
0.472722 
0.212517 
0.409266 
0.166845 
0.919664 
0.573202 
0.881492 
0.205189 
0.062256 
0.035184 
0.104201 
0.168506 
0.137921 
0.105738 
0.078607 
0.050307 
0.256920 
0.032663 
0.214709 
0.717304 
0.714235 
0.936565 
0.349491 
0.109759 
0.008855 
0.088922 
0.089051 
0.727786 
0.374423 
0.407538 
0.123615 
0.228943 
1.537995 
0.139840 
0.500924 
0.434432 
0.610164 
0.818766 
0.568085 
1.566262 
1.470568 
-0.000000 
2.250000 
2.250000 
2.250000 
-0.000000 
-0.000000 
-0.000000 
-0.000000 
-0.000000 
-0.000000 
-0.000000 
-0.000000 
-0.000000 
0.492844 
0.708414 
0.265059 
1.602927 
-0.000000 
-0.000000 
-0.000000 
-0.000000 
-0.000000 
-0.000000 
-0.000000 
-0.000000 
-0.000000 
2.250000 
2.250000 
2.250000 
-0.000000 
0.162725 
0.882393 
1.513443 
0.434804 
0.076249 
-0.000000 
2.250000 
2.250000 
2.250000 
-0.000000 
-0.000000 
-0.000000 
-0.000000 
-0.000000 
-0.000000 
-0.000000 
-0.000000 
2.250000 
-0.000000 
0.906082 
0.000000 
2.250000 
-0.000000 
-0.000000 
Velocidades nos centróides
xcentroid, ycentroid, vx, vy
56 
0.175000, 0.750000, 2.584992, 0.099577
0.525000, 0.750000, 2.895934, 0.268529
0.175000, 0.150000, 2.414745, 0.099490
0.175000, 0.450000, 2.500263, 0.199916
0.525000, 0.150000, 2.102946, 0.276184
0.525000, 0.450000, 2.501121, 0.536461
3.685000, 0.787500, 7.500034, 0.000141
3.588642, 0.658650, 7.500168, 0.000091
2.649600, 0.661158, 7.586559, 0.185352
2.955250, 0.674058, 7.507748, -0.002344
3.406067, 0.727508, 7.499837, -0.000058
3.344167, 0.643050, 7.500684, 0.000241
3.194842, 0.706758, 7.498482, 0.004047
3.426150, 0.834458, 7.499750, -0.000138
3.164300, 0.834858, 7.499702, 0.001060
2.636350, 0.811158, 7.413900, 0.169759
2.909500, 0.824058, 7.490606, 0.010318
0.859800, 0.747900, 3.800252, 0.756183
0.853600, 0.459900, 2.580378, 1.710042
1.003942, 0.247117, 0.661608, 1.918785
1.034042, 0.412725, 2.077497, 3.061250
1.194250, 0.814892, 6.285498, 0.364379
1.226392, 0.688467, 7.293262, 1.110587
1.086192, 0.723867, 5.348154, 1.393851
1.105592, 0.550742, 4.510867, 3.627206
1.231083, 0.611042, 8.576993, 2.593423
0.843000, 0.214000, 1.425225, 1.117824
0.919208, 0.088208, 0.623286, 0.539444
1.692333, 0.073783, 0.461347, -0.278645
1.411958, 0.801633, 6.322997, -0.430505
1.381642, 0.669375, 7.388207, -1.395485
1.370608, 0.605108, 8.511981, -2.778386
1.769383, 0.733558, 4.004557, -0.383484
1.774200, 0.415308, 2.246669, -0.836340
1.485592, 0.524467, 4.049243, -3.843522
1.516242, 0.608108, 4.959070, -2.489628
1.586250, 0.699050, 4.815216, -1.316707
1.609250, 0.513325, 3.130531, -2.101769
1.614500, 0.197525, 0.392244, -1.029608
1.806067, 0.133750, 0.894376, -0.267776
1.718858, 0.250400, 1.034728, -0.872428
1.671967, 0.207942, 0.708871, -0.862975
1.554667, 0.393483, 1.637002, -2.813617
1.604650, 0.278033, 0.691231, -1.514424
2.035500, 0.071500, 0.737533, 0.147992
2.184475, 0.182133, 0.411113, 0.882945
2.432008, 0.627225, 7.988058, 2.492129
2.317675, 0.529775, 4.221764, 3.849947
2.235258, 0.384250, 1.510729, 2.586356
2.393000, 0.786592, 6.521413, 0.754501
2.122275, 0.341042, 1.566281, 1.248225
2.002658, 0.296742, 1.571419, 0.468483
2.185850, 0.502775, 3.046903, 2.104255
2.259250, 0.665050, 4.955614, 1.906340
1.993583, 0.582300, 3.302655, 0.550040
2.112108, 0.740783, 4.311281, 0.613437
Velocidades nos pontos de integração
xint, yint, vxint, vyint
224
0.073964, 0.836603, 2.537999, 0.037345
0.276036, 0.836603, 2.674508, 0.052363
0.276036, 0.663397, 2.626312, 0.174765
0.073964, 0.663397, 2.525085, 0.118717
0.626036, 0.836603, 3.184465, 0.156771
0.626036, 0.663397, 2.979260, 0.523322
0.423964, 0.663397, 2.715931, 0.262049
0.423964, 0.836603, 2.815651, 0.086763
0.073964, 0.063397, 2.462315, 0.037020
0.073964, 0.236603, 2.474544, 0.118601
0.276036, 0.236603, 2.371688, 0.175702
0.276036, 0.063397, 2.326048, 0.052320
0.073964, 0.536603, 2.513083, 0.156302
0.276036, 0.536603, 2.549441, 0.227651
0.276036, 0.363397, 2.452002, 0.228630
0.073964, 0.363397, 2.486974, 0.156511
0.423964, 0.063397, 2.181458, 0.090981
0.423964, 0.236603, 2.285329, 0.265969
0.626036, 0.236603, 2.030529, 0.531730
0.626036, 0.063397, 1.800978, 0.162192
0.423964, 0.536603, 2.600198, 0.347530
0.626036, 0.536603, 2.704514, 0.680013
0.626036, 0.363397, 2.300254, 0.683000
0.423964, 0.363397, 2.401433, 0.347231
3.747735, 0.843301, 7.500044, 0.000070
3.755056, 0.688397, 7.500009, 0.000009
3.632265, 0.756699, 7.500281, 0.000037
3.604944, 0.861603, 7.499773, 0.000146
3.540996, 0.620799, 7.500309, -0.000014
3.507735, 0.677622, 7.500147, -0.000383
3.606237, 0.707401, 7.499786, 0.000388
3.699665, 0.628778, 7.499926, 0.000113
2.561545, 0.686284, 7.585865, 0.403881
2.729688, 0.706619, 7.498270, 0.057697
2.742255, 0.628549, 7.529611, 0.048238
2.564912, 0.623115, 8.136626, 0.152050
2.854149, 0.715219, 7.560280, 0.024681
3.026040, 0.718380, 7.500027, -0.004723
3.064651, 0.631715, 7.501449, -0.007722
2.876160, 0.630854, 7.486801, -0.000869
3.448882, 0.700599, 7.500219, -0.000019
3.321427, 0.706570, 7.497557, 0.000656
3.343285, 0.760201, 7.502065, 0.000034
3.510740, 0.742597, 7.499829, -0.000090
3.240729, 0.618378, 7.501120, 0.000108
3.293947, 0.668588, 7.502346, 0.000773
3.424038, 0.667222, 7.499872, 0.000352
3.418020, 0.618012, 7.500205, 0.000022
3.163494, 0.648244, 7.507357, 0.007316
3.129757, 0.729492, 7.488028, -0.002036
3.241206, 0.756689, 7.497726, 0.002113
3.244977, 0.692541, 7.501443, 0.004383
3.523143, 0.787982, 7.500021, -0.000043
3.347806, 0.805220, 7.498189, 0.000392
3.338391, 0.874585, 7.500448, -0.000139
3.495261, 0.869980, 7.499937, -0.000200
3.236683, 0.805487, 7.499481, 0.000650
3.108429, 0.788977, 7.505815, -0.000161
3.083917, 0.870246, 7.496135, 0.000576
3.228171, 0.874656, 7.498693, 0.001041
2.556079, 0.859717, 7.140004, 0.127391
2.709289, 0.865152, 7.437338, 0.039205
2.720855, 0.770016, 7.515067, 0.049472
2.559178, 0.749682, 7.413865, 0.385807
2.974957, 0.868317, 7.498767, -0.000434
3.002007, 0.781777, 7.504303, 0.003650
2.839510, 0.778616, 7.464534, 0.032839
2.821527, 0.867456, 7.476550, 0.007943
0.956250, 0.835203, 4.529482, 0.420778
0.947871, 0.658173, 4.079233, 1.504643
0.766417, 0.661997, 3.279421, 0.798011
0.768662, 0.836227, 3.586195, 0.238411
0.940824, 0.391854, 2.015738, 2.156337
0.764529, 0.371022, 2.188778, 1.150664
0.765309, 0.537346, 2.863026, 1.124553
0.943738, 0.539378, 3.313839, 2.084281
0.983495, 0.224395, 0.647714, 1.728886
1.003286, 0.305517, 1.091051, 2.370676
1.022139, 0.270371, 0.665582, 2.218829
1.005114, 0.188450, 0.320798, 1.490330
1.022888, 0.509513, 3.204894, 3.029431
1.060631, 0.425909, 2.174787, 3.702272
1.036745, 0.334287, 1.142140, 2.809153
1.013769, 0.381991, 1.766948, 2.796743
1.262589, 0.752215, 6.873296, 0.439092
1.160379, 0.779327, 6.134058, 0.753827
1.106011, 0.867685, 5.583219, 0.185966
1.248021, 0.860406, 6.269340, 0.128032
1.185992, 0.666971, 6.903327, 1.991836
1.181829, 0.725527, 6.429244, 1.247629
1.268341, 0.699129, 7.536570, 0.502981
1.269471, 0.662307, 8.224264, 0.849848
1.125614, 0.666169, 5.795098, 2.155652
1.044137, 0.659315, 4.793048, 2.003329
1.051386, 0.813798, 5.198131, 0.571589
1.123696, 0.756252, 5.771245, 0.976982
1.054193, 0.570615, 4.294556, 2.873746
1.131239, 0.609052, 5.719679, 3.185418
1.144741, 0.543018, 5.081695, 4.731319
1.088861, 0.482748, 3.144060, 4.102408
1.269687, 0.637675, 9.014397, 1.145164
1.269166, 0.607184, 10.254542, 1.814840
1.192880, 0.579825, 7.130405, 4.498344
1.188934, 0.627949, 7.182212, 2.776136
0.933757, 0.301126, 1.381740, 1.840379
0.917365, 0.200775, 0.982644, 1.236954
0.758243, 0.100208, 1.469742, 0.371934
0.762635, 0.253891, 1.763703, 0.863143
0.986753, 0.124743, 0.242237, 0.928844
0.950021, 0.033406, 0.393263, 0.228542
0.808447, 0.041124, 1.200462, 0.208923
0.931546, 0.153494, 0.682396, 0.934998
1.621844, 0.115241, 0.255256, -0.550766
1.696601, 0.117594, 0.593969, -0.427669
1.799456, 0.031659, 0.748579, -0.101487
1.653165, 0.030972, 0.226197, -0.119336
1.498239, 0.858584, 5.669585, -0.226447
1.455123, 0.746584, 6.056360, -1.034912
1.341661, 0.744616, 6.902819, -0.427818
1.353144, 0.858282, 6.320092, -0.107349
1.423032, 0.644201, 6.731189, -2.356258
1.333646, 0.659138, 8.374442, -0.904485
1.336468, 0.691332, 7.660661, -0.601860
1.435087, 0.689429, 6.432511, -1.639417
1.332153, 0.636545, 8.933935, -1.154852
1.415420, 0.613965, 7.091988, -3.133767
1.408113, 0.576155, 6.963512, -4.504062
1.331280, 0.606902, 10.156545, -1.811770
1.836640, 0.826401, 4.225386, -0.124652
1.852985, 0.625035, 3.471630, -0.283237
1.724827, 0.649866, 3.831453, -0.802564
1.663615, 0.833265, 4.694254, -0.232909
1.853757, 0.480172, 2.657675, -0.275951
1.839866, 0.286228, 1.540390, -0.271575
1.675510, 0.369128, 1.840788, -1.465716
1.727667, 0.525039, 3.019403, -1.192356
1.465080, 0.579186, 5.362451, -3.598627
1.521180, 0.518330, 3.592979, -3.323662
1.504320, 0.469047, 2.727696, -3.919677
1.454053, 0.535170, 4.775908, -4.750602
1.494413, 0.663631, 5.577533, -1.943477
1.558459, 0.602183, 4.415464, -2.210314
1.536021, 0.553569, 4.129339, -2.962253
1.476341, 0.613384, 5.578711, -2.847894
1.579447, 0.802879, 5.074541, -0.572823
1.654683, 0.650639, 4.183816, -1.198408
1.590320, 0.628154, 4.462831, -1.840332
1.521950, 0.714128, 5.376893, -1.349386
1.570339, 0.503948, 3.114770, -2.600667
1.603039, 0.571732, 3.931761, -1.938386
1.660694, 0.549752, 3.434330, -1.588069
1.603328, 0.428068, 2.087553, -2.345003
1.602301, 0.172285, 0.271173, -0.968259
1.583648, 0.244195, 0.361882, -1.425004
1.623066, 0.208715, 0.488454, -1.056472
1.648985, 0.164905, 0.449855, -0.720274
1.767936, 0.182489, 1.019607, -0.450263
1.864669, 0.152838, 0.975021, -0.080147
1.856097, 0.064344, 0.829220, -0.038070
1.735631, 0.135729, 0.768669, -0.442250
1.659294, 0.267515, 0.918379, -1.226244
1.657156, 0.300350, 1.081256, -1.328586
1.811406, 0.215919, 1.215599, -0.362705
1.747511, 0.217616, 1.082800, -0.655433
1.655414, 0.242778, 0.770504, -1.043471
1.711720, 0.206538, 0.871411, -0.777228
1.678219, 0.174189, 0.641045, -0.698570
1.642380, 0.208328, 0.590417, -0.970187
1.551168, 0.461943, 2.535972, -3.215087
1.576558, 0.369580, 1.443449, -2.492224
1.560732, 0.330923, 0.905481, -2.327861
1.532275, 0.413420, 1.774600, -3.343675
1.616626, 0.237519, 0.527100, -1.241218
1.582078, 0.283177, 0.602556, -1.742652
1.595841, 0.318348, 1.068421, -1.762609
1.624455, 0.272823, 0.737314, -1.460543
1.953731, 0.129628, 0.942656, 0.106833
2.100526, 0.095933, 0.554400, 0.368801
2.126936, 0.025705, 0.390437, 0.100239
1.960807, 0.034734, 0.790080, 0.037595
2.159629, 0.138851, 0.344476, 0.636129
2.177005, 0.289441, 0.969612, 1.574755
2.206471, 0.224049, 0.412504, 1.356487
2.189995, 0.076726, 0.075467, 0.328505
2.472250, 0.616568, 8.751131, 1.571375
2.401821, 0.590000, 7.217297, 3.982362
2.383184, 0.639566, 6.874873, 2.618544
2.468312, 0.669367, 7.919631, 1.399048
2.355025, 0.549883, 5.246176, 4.706785
2.300909, 0.474173, 2.873260, 3.980613
2.278642, 0.503617, 3.355285, 3.400934
2.332124, 0.594627, 5.336099, 3.208073
2.266869, 0.409901, 1.652837, 3.152397
2.227608, 0.313823, 0.803042, 2.125127
2.199531, 0.371199, 1.495940, 2.185507
2.243158, 0.443477, 2.352948, 3.029396
2.461755, 0.733348, 7.138997, 0.924609
2.357269, 0.708916, 6.202803, 1.564900
2.305178, 0.848818, 5.777400, 0.365145
2.447798, 0.855351, 6.712530, 0.239396
2.091709, 0.346707, 1.638978, 1.132978
2.112321, 0.454988, 2.478826, 1.436610
2.151791, 0.351326, 1.508551, 1.650180
2.133279, 0.211212, 0.770886, 0.957358
1.938891, 0.430802, 2.376589, 0.301502
2.045214, 0.340241, 1.733283, 0.796514
2.078609, 0.180232, 0.792468, 0.590568
1.947853, 0.235759, 1.286099, 0.212103
2.141386, 0.517298, 3.178604, 1.682247
2.200253, 0.579252, 3.923847, 2.159571
2.225314, 0.488835, 2.938394, 2.648942
2.176447, 0.425715, 2.176652, 2.039072
2.246391, 0.794732, 5.306248, 0.679776
2.302997, 0.660229, 5.412734, 2.153243
2.259209, 0.551668, 4.040851, 2.929976
2.228403, 0.653571, 4.713273, 1.657046
1.937270, 0.569647, 3.263905, 0.165853
1.941784, 0.753956, 3.959181, 0.113266
2.056030, 0.562853, 3.287955, 0.996711
2.039183, 0.442744, 2.491051, 0.942205
2.094912, 0.624583, 3.711333, 1.027339
2.003073, 0.826178, 4.271692, 0.222517
2.166022, 0.839184, 4.906299, 0.250187
2.184361, 0.673122, 4.417728, 1.253352
Pressão nos centróides (em bar)
xcentroid, ycentroid, pressure
56
0.175000, 0.750000, 1.011039
0.525000, 0.750000, 1.002207
0.175000, 0.150000, 1.015296
0.175000, 0.450000, 1.013044
0.525000, 0.150000, 1.022007
0.525000, 0.450000, 1.011783
3.685000, 0.787500, 0.763247
3.588642, 0.658650, 0.763237
2.649600, 0.661158, 0.756549
2.955250, 0.674058, 0.762669
3.406067, 0.727508, 0.763262
3.344167, 0.643050, 0.763199
3.194842, 0.706758, 0.763364
3.426150, 0.834458, 0.763269
3.164300, 0.834858, 0.763272
2.636350, 0.811158, 0.769526
2.909500, 0.824058, 0.763954
0.859800, 0.747900, 0.969431
0.853600, 0.459900, 0.996587
1.003942, 0.247117, 1.023903
1.034042, 0.412725, 0.976064
1.194250, 0.814892, 0.846299
1.226392, 0.688467, 0.772375
1.086192, 0.723867, 0.891772
1.105592, 0.550742, 0.876977
1.231083, 0.611042, 0.643047
0.843000, 0.214000, 1.028096
0.919208, 0.088208, 1.041103
1.692333, 0.073783, 1.043048
1.411958, 0.801633, 0.843672
1.381642, 0.669375, 0.761835
1.370608, 0.605108, 0.643634
1.769383, 0.733558, 0.963582
1.774200, 0.415308, 1.015765
1.485592, 0.524467, 0.888655
1.516242, 0.608108, 0.890547
1.586250, 0.699050, 0.919900
1.609250, 0.513325, 0.973412
1.614500, 0.197525, 1.038430
1.806067, 0.133750, 1.040142
1.718858, 0.250400, 1.035341
1.671967, 0.207942, 1.038264
1.554667, 0.393483, 0.991519
1.604650, 0.278033, 1.030644
2.035500, 0.071500, 1.041671
2.184475, 0.182133, 1.039757
2.432008, 0.627225, 0.694401
2.317675, 0.529775, 0.881273
2.235258, 0.384250, 0.999642
2.393000, 0.786592, 0.829010
2.122275, 0.341042, 1.024443
2.002658, 0.296742, 1.031056
2.185850, 0.502775, 0.975942
2.259250, 0.665050, 0.903539
1.993583, 0.582300, 0.988450
2.112108, 0.740783, 0.949683
